6,301,28,40
1,291,28,40
6,291,28,40
6,291,28,40
6,291,28,40
6,291,28,40
11,291,28,40
6,291,28,40
11,291,28,40
11,296,28,40
11,291,28,40
6,296,28,40
36,296,28,40
46,296,28,40
51,296,28,40
41,296,28,40
51,296,28,40
51,296,28,40
41,296,28,40
41,296,28,40
41,296,28,40
41,296,28,40
46,296,28,40
46,296,28,40
46,296,28,40
46,296,28,40
51,296,28,40
51,296,28,40
51,296,28,40
51,296,28,40
51,296,28,40
51,296,28,40
51,296,28,40
51,296,28,40
41,296,28,40
21,296,28,40
6,291,28,40
6,291,28,40
11,291,28,40
11,291,28,40
11,291,28,40
11,291,28,40
16,296,28,40
6,291,28,40
6,291,28,40
6,291,28,40
6,291,28,40
6,291,28,40
6,291,28,40
11,291,28,40
6,291,28,40
1,291,28,40
6,291,28,40
6,291,28,40
6,291,28,40
6,291,28,40
6,291,28,40
6,291,28,40
6,291,28,40
6,291,28,40
6,291,28,40
6,291,28,40
16,296,28,40
11,291,28,40
11,291,28,40
6,291,28,40
6,291,28,40
6,291,28,40
6,291,28,40
6,291,28,40
11,291,28,40
11,296,28,40
6,291,28,40
6,291,28,40
11,291,28,40
11,291,28,40
6,291,28,40
11,291,28,40
6,291,28,40
6,291,28,40
6,291,28,40
6,291,28,40
6,291,28,40
6,291,28,40
11,291,28,40
6,291,28,40
6,291,28,40
11,291,28,40
6,291,28,40
6,291,28,40
6,291,28,40
6,291,28,40
11,291,28,40
6,291,28,40
11,291,28,40
11,291,28,40
6,291,28,40
11,291,28,40
11,291,28,40
6,291,28,40
11,291,28,40
6,291,28,40
11,291,28,40
6,291,28,40
11,291,28,40
16,296,28,40
6,291,28,40
6,291,28,40
6,291,28,40
11,291,28,40
6,291,28,40
11,291,28,40
11,291,28,40
6,291,28,40
6,291,28,40
6,291,28,40
6,291,28,40
6,291,28,40
1,291,28,40
6,291,28,40
6,291,28,40
16,296,28,40
16,296,28,40
21,296,28,40
6,291,28,40
6,291,28,40
6,291,28,40
6,291,28,40
6,291,28,40
6,291,28,40
6,291,28,40
6,291,28,40
11,296,28,40
11,291,28,40
11,296,28,40
6,291,28,40
6,291,28,40
16,291,28,40
6,291,28,40
16,296,28,40
16,296,28,40
11,291,28,40
16,296,28,40
16,296,28,40
6,291,28,40
16,296,28,40
11,291,28,40
6,291,28,40
6,291,28,40
6,291,28,40
6,291,28,40
1,291,28,40
6,291,28,40
6,291,28,40
6,291,28,40
11,291,28,40
6,291,28,40
6,291,28,40
11,291,28,40
6,291,28,40
6,291,28,40
6,291,28,40
6,291,28,40
6,291,28,40
6,291,28,40
6,291,28,40
6,291,28,40
6,291,28,40
6,291,28,40
6,291,28,40
6,291,28,40
6,291,28,40
6,291,28,40
6,291,28,40
6,291,28,40
6,291,28,40
11,291,28,40
6,291,28,40
6,291,28,40
6,291,28,40
6,291,28,40
16,296,28,40
11,291,28,40
6,291,28,40
6,291,28,40
6,291,28,40
6,291,28,40
6,291,28,40
6,291,28,40
6,291,28,40
11,291,28,40
6,291,28,40
6,291,28,40
6,291,28,40
6,291,28,40
6,291,28,40
16,291,28,40
6,291,28,40
6,291,28,40
6,291,28,40
