751,366
759,364
767,367
780,365
788,368
791,371
799,374
812,372
810,375
818,378
831,371
834,374
832,382
845,380
853,383
861,386
864,384
867,387
870,390
873,393
881,391
889,394
892,397
895,410
913,393
916,386
919,384
927,387
915,385
933,383
941,381
939,379
942,382
940,375
943,378
931,376
939,384
932,382
940,375
943,373
931,376
929,374
932,372
935,370
933,368
926,366
924,369
922,367
920,365
923,368
921,366
919,369
917,372
920,370
923,368
921,376
919,374
917,372
910,375
903,373
891,371
884,379
872,372
865,375
858,378
851,381
849,379
847,382
850,385
848,383
851,386
849,389
847,397
855,395
853,403
861,406
854,404
862,412
855,415
853,418
861,421
854,419
872,437
870,425
873,438
871,446
864,439
872,447
860,440
868,468
851,446
849,464
867,467
875,480
863,468
851,471
869,484
857,472
870,490
853,483
881,506
854,499
872,512
855,505
873,508
856,511
874,519
857,517
880,540
873,538
861,536
879,544
867,542
895,565
888,558
906,576
904,574
887,567
905,580
