   7.9321910e+02   2.6244607e+02   4.2031461e+01   6.9051685e+01
   7.9472022e+02   2.6244607e+02   4.0530337e+01   6.7550562e+01
   7.9472022e+02   2.6995169e+02   4.0530337e+01   6.4548315e+01
   7.9171798e+02   2.7445506e+02   4.2031461e+01   6.9051685e+01
   7.9472022e+02   2.6694944e+02   4.3532584e+01   7.6557303e+01
   7.9021685e+02   2.6845056e+02   4.5033708e+01   7.2053933e+01
   7.9171798e+02   2.7445506e+02   4.3532584e+01   7.6557303e+01
   7.8421236e+02   2.6995169e+02   5.1038202e+01   7.3555056e+01
   7.9622135e+02   2.7595618e+02   4.0530337e+01   7.3555056e+01
   7.8721461e+02   2.7745730e+02   4.8035955e+01   7.3555056e+01
   7.9021685e+02   2.7895843e+02   4.5033708e+01   7.0552809e+01
   7.9321910e+02   2.8196067e+02   4.3532584e+01   7.3555056e+01
   7.9622135e+02   2.8346180e+02   4.0530337e+01   7.9559551e+01
   7.9472022e+02   2.8946629e+02   4.3532584e+01   6.6049438e+01
   7.9321910e+02   2.8496292e+02   4.6534831e+01   7.5056180e+01
   7.9472022e+02   2.9096742e+02   4.2031461e+01   7.3555056e+01
   7.9321910e+02   2.9096742e+02   4.5033708e+01   7.2053933e+01
   7.9472022e+02   2.9396966e+02   4.2031461e+01   7.0552809e+01
   7.9021685e+02   2.9096742e+02   4.5033708e+01   7.6557303e+01
   7.9321910e+02   2.9847303e+02   3.9029213e+01   7.2053933e+01
   7.9021685e+02   2.9697191e+02   3.9029213e+01   7.6557303e+01
   7.9021685e+02   3.0147528e+02   3.6026966e+01   7.3555056e+01
   7.8421236e+02   3.0147528e+02   4.0530337e+01   7.3555056e+01
   7.8121011e+02   3.0747978e+02   4.2031461e+01   7.0552809e+01
   7.8121011e+02   3.0447753e+02   4.0530337e+01   7.2053933e+01
   7.7670674e+02   3.0898090e+02   4.2031461e+01   7.8058427e+01
   7.6770000e+02   3.1198315e+02   4.5033708e+01   7.3555056e+01
   7.6619888e+02   3.1498539e+02   4.6534831e+01   7.6557303e+01
   7.6019438e+02   3.1348427e+02   4.5033708e+01   7.3555056e+01
   7.5268876e+02   3.1648652e+02   4.3532584e+01   7.9559551e+01
   7.4067978e+02   3.1498539e+02   4.8035955e+01   7.9559551e+01
   7.3467528e+02   3.1948876e+02   4.0530337e+01   7.6557303e+01
   7.2867079e+02   3.2098989e+02   4.2031461e+01   6.3047191e+01
   7.1816292e+02   3.2249101e+02   3.7528090e+01   7.2053933e+01
   7.0765506e+02   3.2399213e+02   3.7528090e+01   7.3555056e+01
   6.9864831e+02   3.2699438e+02   4.0530337e+01   7.0552809e+01
   6.8814045e+02   3.2699438e+02   4.5033708e+01   7.2053933e+01
   6.7162809e+02   3.2849551e+02   3.9029213e+01   6.4548315e+01
   6.5811798e+02   3.2849551e+02   4.5033708e+01   7.2053933e+01
   6.5361461e+02   3.3149775e+02   2.7020225e+01   5.8543820e+01
   6.3860337e+02   3.3450000e+02   4.0530337e+01   7.0552809e+01
   6.2959663e+02   3.3450000e+02   3.6026966e+01   6.0044944e+01
   6.1308427e+02   3.3450000e+02   3.6026966e+01   6.0044944e+01
   5.9957416e+02   3.3450000e+02   4.0530337e+01   6.1546067e+01
   5.8606404e+02   3.3750225e+02   4.5033708e+01   6.6049438e+01
   5.7405506e+02   3.3750225e+02   4.3532584e+01   6.7550562e+01
   5.6054494e+02   3.3900337e+02   4.2031461e+01   7.3555056e+01
   5.4553371e+02   3.4050449e+02   3.9029213e+01   6.7550562e+01
   5.3352472e+02   3.4200562e+02   4.5033708e+01   6.7550562e+01
   5.2301685e+02   3.4200562e+02   4.3532584e+01   7.3555056e+01
   5.1100787e+02   3.4801011e+02   4.0530337e+01   6.3047191e+01
   4.9599663e+02   3.4650899e+02   3.9029213e+01   5.5541573e+01
   4.8398764e+02   3.4801011e+02   4.2031461e+01   6.0044944e+01
   4.7197865e+02   3.5101236e+02   4.3532584e+01   5.7042697e+01
   4.6297191e+02   3.5251348e+02   4.0530337e+01   5.7042697e+01
   4.4946180e+02   3.5101236e+02   3.6026966e+01   5.7042697e+01
   4.3445056e+02   3.5101236e+02   4.2031461e+01   5.2539326e+01
   4.3294944e+02   3.5401461e+02   3.3024719e+01   4.9537079e+01
   4.1943933e+02   3.5551573e+02   3.9029213e+01   4.9537079e+01
   4.1343483e+02   3.6152022e+02   3.1523596e+01   4.6534831e+01
   3.9542135e+02   3.5701685e+02   4.2031461e+01   6.0044944e+01
   3.8641461e+02   3.6001910e+02   3.4525843e+01   5.5541573e+01
   3.8191124e+02   3.6152022e+02   3.0022472e+01   5.4040449e+01
   3.6840112e+02   3.6302135e+02   3.3024719e+01   5.1038202e+01
   3.5639213e+02   3.6302135e+02   3.9029213e+01   5.4040449e+01
   3.4888652e+02   3.6602360e+02   3.0022472e+01   4.6534831e+01
   3.3387528e+02   3.6452247e+02   3.3024719e+01   5.7042697e+01
   3.2186629e+02   3.6602360e+02   3.4525843e+01   5.2539326e+01
   3.0535393e+02   3.6602360e+02   4.2031461e+01   6.4548315e+01
   2.9634719e+02   3.6752472e+02   3.6026966e+01   6.1546067e+01
   2.8133596e+02   3.6902584e+02   3.7528090e+01   5.7042697e+01
   2.7383034e+02   3.7052697e+02   3.6026966e+01   8.7065169e+01
   2.6332247e+02   3.7052697e+02   4.2031461e+01   9.0067416e+01
   2.5581685e+02   3.7052697e+02   4.0530337e+01   9.0067416e+01
   2.4681011e+02   3.7352921e+02   3.7528090e+01   8.5564045e+01
   2.3930449e+02   3.7503034e+02   3.7528090e+01   8.5564045e+01
   2.3179888e+02   3.7503034e+02   4.0530337e+01   9.3069663e+01
   2.2879663e+02   3.7653146e+02   3.6026966e+01   9.3069663e+01
   2.2879663e+02   3.7803258e+02   4.0530337e+01   9.0067416e+01
   2.2429326e+02   3.7653146e+02   4.6534831e+01   9.6071910e+01
   2.2279213e+02   3.7653146e+02   4.5033708e+01   9.3069663e+01
   2.2279213e+02   3.7803258e+02   4.6534831e+01   9.0067416e+01
   2.2279213e+02   3.7803258e+02   4.5033708e+01   9.0067416e+01
   2.2429326e+02   3.7803258e+02   4.2031461e+01   8.7065169e+01
   2.2129101e+02   3.7503034e+02   5.1038202e+01   9.9074157e+01
   2.1978989e+02   3.7803258e+02   4.8035955e+01   8.8566292e+01
   2.1828876e+02   3.7503034e+02   4.9537079e+01   9.6071910e+01
   2.1828876e+02   3.7653146e+02   4.5033708e+01   9.0067416e+01
   2.2129101e+02   3.7653146e+02   4.3532584e+01   8.8566292e+01
   2.1828876e+02   3.7653146e+02   4.5033708e+01   8.7065169e+01
   2.1978989e+02   3.7503034e+02   4.0530337e+01   9.1568539e+01
   2.1528652e+02   3.7352921e+02   5.1038202e+01   9.9074157e+01
   2.1678764e+02   3.7352921e+02   4.8035955e+01   9.9074157e+01
   2.2129101e+02   3.7202809e+02   4.3532584e+01   1.0207640e+02
   2.1978989e+02   3.7503034e+02   4.5033708e+01   9.3069663e+01
   2.1978989e+02   3.7503034e+02   4.8035955e+01   9.6071910e+01
   2.1828876e+02   3.7503034e+02   4.9537079e+01   9.3069663e+01
   2.1828876e+02   3.7653146e+02   4.8035955e+01   9.0067416e+01
   2.2279213e+02   3.7653146e+02   4.8035955e+01   8.5564045e+01
   2.1978989e+02   3.7653146e+02   4.5033708e+01   8.5564045e+01
   2.1828876e+02   3.7653146e+02   4.8035955e+01   8.7065169e+01
   2.1678764e+02   3.7803258e+02   4.5033708e+01   8.4062921e+01
   2.2129101e+02   3.7653146e+02   4.6534831e+01   9.1568539e+01
   2.1828876e+02   3.7803258e+02   5.1038202e+01   8.8566292e+01
   2.1828876e+02   3.7653146e+02   5.2539326e+01   9.3069663e+01
   2.2129101e+02   3.8253596e+02   4.3532584e+01   6.9051685e+01
   2.1678764e+02   3.7503034e+02   5.1038202e+01   9.0067416e+01
   2.1978989e+02   3.7352921e+02   4.8035955e+01   9.0067416e+01
   2.1678764e+02   3.7803258e+02   5.4040449e+01   8.7065169e+01
   2.1978989e+02   3.7803258e+02   4.8035955e+01   8.5564045e+01
   2.1828876e+02   3.7953371e+02   4.6534831e+01   8.2561798e+01
   2.1828876e+02   3.7503034e+02   4.9537079e+01   9.1568539e+01
   2.1528652e+02   3.7653146e+02   5.1038202e+01   9.1568539e+01
   2.1828876e+02   3.7653146e+02   4.9537079e+01   8.7065169e+01
   2.1828876e+02   3.7953371e+02   5.1038202e+01   8.7065169e+01
   2.1978989e+02   3.7653146e+02   5.2539326e+01   9.1568539e+01
   2.1678764e+02   3.7803258e+02   4.6534831e+01   8.7065169e+01
   2.1978989e+02   3.7653146e+02   4.9537079e+01   8.4062921e+01
   2.1978989e+02   3.7352921e+02   4.8035955e+01   8.8566292e+01
   2.1678764e+02   3.7653146e+02   4.5033708e+01   8.2561798e+01
   2.1828876e+02   3.8103483e+02   4.9537079e+01   8.5564045e+01
   2.1978989e+02   3.7803258e+02   5.1038202e+01   9.4570787e+01
   2.1828876e+02   3.7503034e+02   5.1038202e+01   9.3069663e+01
   2.1828876e+02   3.7953371e+02   5.4040449e+01   8.5564045e+01
   2.1828876e+02   3.7953371e+02   5.5541573e+01   8.8566292e+01
   2.1678764e+02   3.7653146e+02   4.8035955e+01   8.7065169e+01
   2.1978989e+02   3.7803258e+02   4.9537079e+01   8.4062921e+01
   2.2129101e+02   3.7653146e+02   4.8035955e+01   9.0067416e+01
   2.1978989e+02   3.7503034e+02   5.2539326e+01   9.1568539e+01
   2.1978989e+02   3.7803258e+02   4.8035955e+01   8.7065169e+01
   2.1678764e+02   3.7503034e+02   5.1038202e+01   9.6071910e+01
   2.1828876e+02   3.7503034e+02   4.5033708e+01   9.4570787e+01
   2.1978989e+02   3.7503034e+02   4.3532584e+01   9.3069663e+01
   2.0778090e+02   3.7953371e+02   5.2539326e+01   8.8566292e+01
   2.0627978e+02   3.7953371e+02   4.5033708e+01   8.8566292e+01
   1.9877416e+02   3.7953371e+02   4.0530337e+01   8.8566292e+01
   2.0027528e+02   3.7953371e+02   4.9537079e+01   8.7065169e+01
   1.9727303e+02   3.7653146e+02   4.9537079e+01   8.8566292e+01
   1.9427079e+02   3.7953371e+02   5.1038202e+01   8.7065169e+01
   1.9727303e+02   3.7953371e+02   4.5033708e+01   9.3069663e+01
   1.9427079e+02   3.8103483e+02   4.8035955e+01   8.2561798e+01
   1.9727303e+02   3.7653146e+02   4.6534831e+01   9.4570787e+01
   1.9727303e+02   3.8253596e+02   4.3532584e+01   8.8566292e+01
   1.9877416e+02   3.8403708e+02   4.2031461e+01   8.5564045e+01
   1.9427079e+02   3.8253596e+02   4.3532584e+01   8.8566292e+01
   1.9577191e+02   3.8253596e+02   4.5033708e+01   8.5564045e+01
   1.9877416e+02   3.8403708e+02   4.3532584e+01   8.4062921e+01
   1.9577191e+02   3.8103483e+02   4.8035955e+01   9.0067416e+01
   1.9877416e+02   3.8253596e+02   3.9029213e+01   8.5564045e+01
   1.9877416e+02   3.8253596e+02   4.5033708e+01   8.5564045e+01
   2.0027528e+02   3.8253596e+02   4.2031461e+01   8.8566292e+01
   1.9427079e+02   3.7953371e+02   5.8543820e+01   9.1568539e+01
   1.9577191e+02   3.7953371e+02   4.8035955e+01   8.8566292e+01
   1.9877416e+02   3.7953371e+02   4.5033708e+01   9.0067416e+01
   1.9727303e+02   3.8253596e+02   4.6534831e+01   8.2561798e+01
   1.9276966e+02   3.7953371e+02   4.5033708e+01   9.1568539e+01
   1.9126854e+02   3.7953371e+02   5.1038202e+01   8.7065169e+01
   1.9577191e+02   3.7953371e+02   4.0530337e+01   8.8566292e+01
   2.0177640e+02   3.8553820e+02   4.0530337e+01   8.7065169e+01
   1.9877416e+02   3.8403708e+02   4.5033708e+01   9.4570787e+01
   1.9727303e+02   3.8403708e+02   4.2031461e+01   9.1568539e+01
   1.9877416e+02   3.8253596e+02   3.9029213e+01   9.9074157e+01
   1.9877416e+02   3.8553820e+02   4.3532584e+01   8.7065169e+01
   2.0027528e+02   3.7803258e+02   4.6534831e+01   9.9074157e+01
   1.9727303e+02   3.7953371e+02   4.8035955e+01   9.7573034e+01
   2.0177640e+02   3.7953371e+02   4.3532584e+01   9.1568539e+01
   1.9877416e+02   3.7803258e+02   4.5033708e+01   9.7573034e+01
   2.0027528e+02   3.7503034e+02   4.6534831e+01   9.6071910e+01
   1.9727303e+02   3.7953371e+02   4.3532584e+01   9.6071910e+01
   2.0027528e+02   3.7653146e+02   4.0530337e+01   9.1568539e+01
   2.0027528e+02   3.7803258e+02   4.3532584e+01   9.1568539e+01
   1.9877416e+02   3.7803258e+02   4.3532584e+01   9.9074157e+01
   2.0327753e+02   3.7803258e+02   4.0530337e+01   9.7573034e+01
   1.9577191e+02   3.7503034e+02   5.1038202e+01   9.3069663e+01
   1.9877416e+02   3.7653146e+02   4.3532584e+01   1.0207640e+02
   1.9577191e+02   3.7803258e+02   4.3532584e+01   9.7573034e+01
   1.9727303e+02   3.7803258e+02   4.3532584e+01   1.0207640e+02
   1.9276966e+02   3.7803258e+02   4.6534831e+01   9.9074157e+01
   1.8976742e+02   3.7653146e+02   5.2539326e+01   1.0357753e+02
   1.9126854e+02   3.8103483e+02   5.2539326e+01   1.0057528e+02
   1.8826629e+02   3.8403708e+02   4.8035955e+01   8.8566292e+01
   1.8226180e+02   3.8403708e+02   4.8035955e+01   9.1568539e+01
   1.8526404e+02   3.8253596e+02   4.3532584e+01   8.8566292e+01
   1.8826629e+02   3.8103483e+02   3.4525843e+01   9.3069663e+01
   1.8976742e+02   3.7953371e+02   3.9029213e+01   9.3069663e+01
   1.8676517e+02   3.8103483e+02   4.5033708e+01   8.8566292e+01
   1.9126854e+02   3.8103483e+02   4.6534831e+01   9.4570787e+01
   1.9126854e+02   3.8103483e+02   4.2031461e+01   9.6071910e+01
   1.9126854e+02   3.7953371e+02   4.3532584e+01   9.7573034e+01
   1.9126854e+02   3.8103483e+02   3.6026966e+01   9.1568539e+01
   1.8976742e+02   3.8553820e+02   5.1038202e+01   8.8566292e+01
   1.8976742e+02   3.8253596e+02   4.8035955e+01   9.0067416e+01
   1.9126854e+02   3.8103483e+02   4.2031461e+01   9.4570787e+01
   1.8826629e+02   3.8103483e+02   4.3532584e+01   9.6071910e+01
   1.8826629e+02   3.8103483e+02   4.6534831e+01   9.4570787e+01
   1.8976742e+02   3.7803258e+02   4.8035955e+01   9.0067416e+01
   1.9126854e+02   3.7503034e+02   4.2031461e+01   9.6071910e+01
   1.9126854e+02   3.7953371e+02   4.2031461e+01   9.6071910e+01
   1.9276966e+02   3.8103483e+02   4.2031461e+01   8.8566292e+01
   1.9577191e+02   3.8103483e+02   4.3532584e+01   9.4570787e+01
   1.9276966e+02   3.8103483e+02   4.5033708e+01   8.8566292e+01
   1.8976742e+02   3.7953371e+02   4.2031461e+01   8.7065169e+01
   1.8826629e+02   3.8553820e+02   4.9537079e+01   8.5564045e+01
   1.8826629e+02   3.8253596e+02   4.3532584e+01   9.0067416e+01
   1.8826629e+02   3.7803258e+02   4.3532584e+01   9.1568539e+01
   1.8676517e+02   3.7803258e+02   4.6534831e+01   9.0067416e+01
   1.8676517e+02   3.7953371e+02   4.5033708e+01   9.7573034e+01
   1.8976742e+02   3.8103483e+02   4.5033708e+01   9.3069663e+01
   1.8526404e+02   3.8103483e+02   4.8035955e+01   9.1568539e+01
   1.8526404e+02   3.8253596e+02   4.6534831e+01   9.0067416e+01
   1.8676517e+02   3.7953371e+02   4.6534831e+01   9.1568539e+01
   1.8826629e+02   3.8103483e+02   4.6534831e+01   9.0067416e+01
   1.8526404e+02   3.7803258e+02   4.9537079e+01   9.6071910e+01
   1.8676517e+02   3.7503034e+02   4.6534831e+01   9.6071910e+01
   1.8676517e+02   3.7953371e+02   4.8035955e+01   9.4570787e+01
   1.8826629e+02   3.7653146e+02   4.6534831e+01   1.0057528e+02
   1.9126854e+02   3.7503034e+02   4.2031461e+01   9.7573034e+01
   1.9126854e+02   3.8103483e+02   3.9029213e+01   9.1568539e+01
   1.9126854e+02   3.7953371e+02   4.2031461e+01   9.3069663e+01
   1.9126854e+02   3.7953371e+02   4.5033708e+01   1.0057528e+02
   1.9126854e+02   3.7803258e+02   4.0530337e+01   9.3069663e+01
   1.9427079e+02   3.8403708e+02   4.0530337e+01   8.8566292e+01
   1.8826629e+02   3.8103483e+02   4.8035955e+01   8.8566292e+01
   1.8826629e+02   3.8553820e+02   4.9537079e+01   8.7065169e+01
   1.8976742e+02   3.8103483e+02   4.6534831e+01   9.1568539e+01
   1.8976742e+02   3.7803258e+02   4.3532584e+01   9.6071910e+01
   1.8526404e+02   3.7953371e+02   4.9537079e+01   9.9074157e+01
   1.8826629e+02   3.7803258e+02   4.3532584e+01   9.1568539e+01
   1.9276966e+02   3.8253596e+02   3.7528090e+01   9.1568539e+01
   1.9126854e+02   3.8403708e+02   3.9029213e+01   8.7065169e+01
   1.9126854e+02   3.8103483e+02   4.0530337e+01   8.7065169e+01
   1.8826629e+02   3.8253596e+02   4.5033708e+01   8.4062921e+01
   1.9427079e+02   3.8403708e+02   3.7528090e+01   9.0067416e+01
   1.9427079e+02   3.8103483e+02   3.9029213e+01   9.1568539e+01
   1.9577191e+02   3.8253596e+02   3.1523596e+01   8.2561798e+01
   1.9577191e+02   3.7953371e+02   3.3024719e+01   9.3069663e+01
   1.9126854e+02   3.8103483e+02   4.5033708e+01   8.7065169e+01
   1.9126854e+02   3.7953371e+02   3.9029213e+01   8.5564045e+01
   1.9427079e+02   3.8103483e+02   3.7528090e+01   8.8566292e+01
   1.9427079e+02   3.8103483e+02   3.6026966e+01   8.7065169e+01
   1.8976742e+02   3.8253596e+02   3.9029213e+01   8.8566292e+01
   1.9276966e+02   3.8253596e+02   4.0530337e+01   9.1568539e+01
   1.9276966e+02   3.8103483e+02   3.7528090e+01   9.3069663e+01
   1.9276966e+02   3.7503034e+02   4.0530337e+01   9.9074157e+01
   1.9276966e+02   3.7953371e+02   4.2031461e+01   9.3069663e+01
   1.9727303e+02   3.8253596e+02   3.4525843e+01   9.1568539e+01
   1.9126854e+02   3.7953371e+02   4.2031461e+01   9.1568539e+01
   1.9577191e+02   3.8253596e+02   3.4525843e+01   8.7065169e+01
   1.8826629e+02   3.8103483e+02   4.9537079e+01   9.3069663e+01
   1.9126854e+02   3.8103483e+02   3.9029213e+01   9.1568539e+01
   1.9276966e+02   3.8103483e+02   3.9029213e+01   9.1568539e+01
   1.9276966e+02   3.8253596e+02   3.7528090e+01   8.8566292e+01
   1.9276966e+02   3.8403708e+02   3.7528090e+01   8.2561798e+01
   1.9276966e+02   3.8403708e+02   3.9029213e+01   8.8566292e+01
   1.8976742e+02   3.8103483e+02   4.3532584e+01   8.5564045e+01
   1.9427079e+02   3.7803258e+02   3.6026966e+01   9.7573034e+01
   1.9126854e+02   3.8103483e+02   4.0530337e+01   9.1568539e+01
   1.9577191e+02   3.8253596e+02   3.7528090e+01   8.5564045e+01
   1.9276966e+02   3.8253596e+02   3.4525843e+01   8.8566292e+01
   1.9427079e+02   3.8103483e+02   3.6026966e+01   9.0067416e+01
   1.9276966e+02   3.8103483e+02   3.1523596e+01   8.2561798e+01
   1.9427079e+02   3.7953371e+02   3.1523596e+01   9.0067416e+01
   1.9276966e+02   3.7953371e+02   3.7528090e+01   8.2561798e+01
   1.9427079e+02   3.7803258e+02   3.6026966e+01   8.4062921e+01
   1.9427079e+02   3.7653146e+02   3.9029213e+01   9.0067416e+01
   1.9126854e+02   3.7953371e+02   4.5033708e+01   8.8566292e+01
   1.8976742e+02   3.8103483e+02   4.3532584e+01   8.1060674e+01
   1.8976742e+02   3.8253596e+02   4.5033708e+01   9.4570787e+01
   1.8976742e+02   3.7653146e+02   4.2031461e+01   9.6071910e+01
   1.9427079e+02   3.8403708e+02   3.7528090e+01   8.2561798e+01
   1.9877416e+02   3.8103483e+02   4.3532584e+01   8.8566292e+01
   2.0477865e+02   3.8703933e+02   3.9029213e+01   8.7065169e+01
   2.0177640e+02   3.7953371e+02   4.2031461e+01   9.0067416e+01
   2.0177640e+02   3.8854045e+02   4.2031461e+01   8.1060674e+01
   2.0778090e+02   3.7953371e+02   4.5033708e+01   9.4570787e+01
   2.1078315e+02   3.8103483e+02   3.6026966e+01   8.8566292e+01
   2.2129101e+02   3.8553820e+02   3.7528090e+01   7.9559551e+01
   2.1678764e+02   3.7653146e+02   4.3532584e+01   9.1568539e+01
   2.2129101e+02   3.8253596e+02   3.4525843e+01   8.2561798e+01
   2.1678764e+02   3.8253596e+02   4.0530337e+01   8.5564045e+01
   2.2879663e+02   3.8103483e+02   3.3024719e+01   7.8058427e+01
   2.3780337e+02   3.8253596e+02   3.1523596e+01   7.8058427e+01
   2.3630225e+02   3.7953371e+02   4.2031461e+01   8.4062921e+01
   2.3780337e+02   3.8103483e+02   3.7528090e+01   8.4062921e+01
   2.3630225e+02   3.8103483e+02   4.0530337e+01   8.8566292e+01
   2.4981236e+02   3.8253596e+02   3.6026966e+01   8.5564045e+01
   2.6782584e+02   3.8553820e+02   3.6026966e+01   7.8058427e+01
   2.7232921e+02   3.8553820e+02   3.0022472e+01   7.8058427e+01
   2.6932697e+02   3.8403708e+02   4.2031461e+01   7.8058427e+01
   2.7383034e+02   3.8253596e+02   3.7528090e+01   8.1060674e+01
   2.8734045e+02   3.8553820e+02   3.9029213e+01   7.8058427e+01
   2.8884157e+02   3.8553820e+02   3.7528090e+01   8.4062921e+01
   2.8583933e+02   3.8553820e+02   4.2031461e+01   8.4062921e+01
   2.8884157e+02   3.8553820e+02   4.2031461e+01   7.9559551e+01
   2.9484607e+02   3.8854045e+02   3.7528090e+01   7.9559551e+01
   2.9784831e+02   3.8103483e+02   4.0530337e+01   9.1568539e+01
   2.9334494e+02   3.8703933e+02   3.6026966e+01   8.2561798e+01
   2.9334494e+02   3.8553820e+02   4.0530337e+01   8.8566292e+01
   2.9034270e+02   3.8253596e+02   4.2031461e+01   9.3069663e+01
   2.8734045e+02   3.8253596e+02   4.0530337e+01   9.0067416e+01
   2.9184382e+02   3.8553820e+02   4.0530337e+01   8.5564045e+01
   2.9334494e+02   3.8403708e+02   3.4525843e+01   8.8566292e+01
   2.9184382e+02   3.8403708e+02   3.6026966e+01   9.7573034e+01
   2.9034270e+02   3.8703933e+02   3.6026966e+01   8.4062921e+01
   2.9184382e+02   3.8553820e+02   3.6026966e+01   9.9074157e+01
   2.8884157e+02   3.8703933e+02   3.7528090e+01   8.4062921e+01
   2.8884157e+02   3.8553820e+02   4.0530337e+01   7.9559551e+01
   2.9184382e+02   3.8703933e+02   3.6026966e+01   7.6557303e+01
   2.9334494e+02   3.8703933e+02   4.0530337e+01   7.9559551e+01
   3.0235169e+02   3.8854045e+02   3.6026966e+01   8.1060674e+01
   3.1285955e+02   3.9004157e+02   3.3024719e+01   8.1060674e+01
   3.1736292e+02   3.9304382e+02   3.6026966e+01   7.9559551e+01
   3.3087303e+02   3.9154270e+02   3.6026966e+01   8.4062921e+01
   3.4738539e+02   3.9154270e+02   3.7528090e+01   7.6557303e+01
   3.6239663e+02   3.9454494e+02   4.0530337e+01   7.2053933e+01
   3.8191124e+02   3.9304382e+02   3.4525843e+01   7.6557303e+01
   3.9992472e+02   3.9754719e+02   3.6026966e+01   7.0552809e+01
   4.2544382e+02   3.9754719e+02   3.4525843e+01   5.8543820e+01
   4.4495843e+02   3.9604607e+02   3.7528090e+01   6.9051685e+01
   4.6447303e+02   3.9754719e+02   4.0530337e+01   7.3555056e+01
   4.8548876e+02   3.9904831e+02   3.9029213e+01   6.4548315e+01
   5.0350225e+02   3.9904831e+02   3.6026966e+01   6.7550562e+01
   5.1701236e+02   3.9904831e+02   4.3532584e+01   6.6049438e+01
   5.4853596e+02   4.0205056e+02   4.5033708e+01   6.1546067e+01
   5.6955169e+02   3.9904831e+02   3.6026966e+01   6.0044944e+01
   5.8756517e+02   3.9754719e+02   3.6026966e+01   6.1546067e+01
   6.1008202e+02   4.0355169e+02   3.9029213e+01   5.4040449e+01
   6.2959663e+02   4.0054944e+02   4.5033708e+01   6.7550562e+01
   6.5061236e+02   3.9454494e+02   4.0530337e+01   7.2053933e+01
   6.6712472e+02   3.9904831e+02   4.8035955e+01   6.3047191e+01
   6.8513820e+02   3.9904831e+02   3.9029213e+01   7.3555056e+01
   7.1215843e+02   3.9754719e+02   4.2031461e+01   8.8566292e+01
   7.3017191e+02   4.0505281e+02   3.9029213e+01   6.3047191e+01
   7.3617640e+02   4.0355169e+02   4.2031461e+01   8.7065169e+01
   7.4518315e+02   4.0505281e+02   3.6026966e+01   9.0067416e+01
   7.5719213e+02   4.1255843e+02   3.9029213e+01   8.8566292e+01
   7.5118764e+02   4.1405955e+02   5.5541573e+01   8.5564045e+01
   7.4968652e+02   4.0955618e+02   4.5033708e+01   8.8566292e+01
   7.4818539e+02   4.1105730e+02   4.9537079e+01   8.7065169e+01
   7.5118764e+02   4.0955618e+02   4.3532584e+01   8.1060674e+01
   7.4368202e+02   4.1405955e+02   4.8035955e+01   8.1060674e+01
   7.4067978e+02   4.1255843e+02   4.3532584e+01   8.1060674e+01
   7.3467528e+02   4.1405955e+02   4.3532584e+01   8.1060674e+01
   7.3167303e+02   4.1856292e+02   4.2031461e+01   6.9051685e+01
   7.2416742e+02   4.1255843e+02   4.0530337e+01   8.1060674e+01
   7.0915618e+02   4.1405955e+02   5.2539326e+01   6.7550562e+01
   7.0615393e+02   4.1105730e+02   4.3532584e+01   7.9559551e+01
   6.9864831e+02   4.1556067e+02   4.3532584e+01   9.4570787e+01
   7.0165056e+02   4.1706180e+02   3.1523596e+01   9.6071910e+01
   6.8363708e+02   4.1405955e+02   4.8035955e+01   1.0057528e+02
   6.8063483e+02   4.1706180e+02   4.6534831e+01   9.7573034e+01
   6.7312921e+02   4.1255843e+02   4.3532584e+01   9.6071910e+01
   6.6712472e+02   4.1856292e+02   5.2539326e+01   8.4062921e+01
   6.6262135e+02   4.1856292e+02   4.5033708e+01   8.7065169e+01
   6.5361461e+02   4.1556067e+02   4.0530337e+01   1.0207640e+02
   6.4911124e+02   4.1556067e+02   4.2031461e+01   9.1568539e+01
   6.4310674e+02   4.1405955e+02   3.9029213e+01   9.7573034e+01
   6.3560112e+02   4.1405955e+02   4.3532584e+01   9.4570787e+01
   6.3710225e+02   4.2456742e+02   3.7528090e+01   7.6557303e+01
   6.2359213e+02   4.2006404e+02   4.8035955e+01   7.5056180e+01
   6.2359213e+02   4.1556067e+02   3.7528090e+01   6.6049438e+01
   6.2209101e+02   4.1856292e+02   3.9029213e+01   5.4040449e+01
   6.3109775e+02   4.2006404e+02   3.6026966e+01   4.9537079e+01
   6.2209101e+02   4.2006404e+02   3.9029213e+01   4.2031461e+01
   6.2659438e+02   4.1706180e+02   3.4525843e+01   5.2539326e+01
   6.2359213e+02   4.1105730e+02   3.4525843e+01   4.8035955e+01
   6.2809551e+02   4.1255843e+02   2.8521348e+01   5.1038202e+01
   6.2959663e+02   4.1556067e+02   2.8521348e+01   4.8035955e+01
   6.2058989e+02   4.1105730e+02   4.5033708e+01   5.2539326e+01
   6.3259888e+02   4.1405955e+02   2.5519101e+01   5.1038202e+01
   6.3410000e+02   4.1405955e+02   2.8521348e+01   5.1038202e+01
   6.2809551e+02   4.2156517e+02   3.4525843e+01   4.6534831e+01
   6.3259888e+02   4.1856292e+02   2.2516854e+01   4.6534831e+01
   6.2809551e+02   4.1706180e+02   3.1523596e+01   4.0530337e+01
   6.2959663e+02   4.2156517e+02   2.7020225e+01   3.0022472e+01
   6.3109775e+02   4.1706180e+02   3.3024719e+01   5.1038202e+01
   6.3259888e+02   4.1706180e+02   3.4525843e+01   5.5541573e+01
   6.3259888e+02   4.1255843e+02   3.0022472e+01   5.4040449e+01
   6.3109775e+02   4.1556067e+02   3.4525843e+01   5.8543820e+01
   6.3109775e+02   4.1706180e+02   3.1523596e+01   5.5541573e+01
   6.2809551e+02   4.1255843e+02   3.6026966e+01   4.9537079e+01
   6.2809551e+02   4.1255843e+02   3.4525843e+01   5.4040449e+01
   6.2809551e+02   4.1556067e+02   4.2031461e+01   5.2539326e+01
   6.3410000e+02   4.1556067e+02   3.1523596e+01   6.0044944e+01
   6.3710225e+02   4.1255843e+02   3.0022472e+01   5.8543820e+01
   6.2659438e+02   4.1706180e+02   4.3532584e+01   6.0044944e+01
   6.3109775e+02   4.2006404e+02   3.4525843e+01   5.1038202e+01
   6.2959663e+02   4.1706180e+02   3.1523596e+01   4.8035955e+01
   6.3109775e+02   4.2006404e+02   3.1523596e+01   4.0530337e+01
   6.3259888e+02   4.1556067e+02   3.6026966e+01   6.0044944e+01
   6.3710225e+02   4.2306629e+02   3.0022472e+01   4.6534831e+01
   6.3259888e+02   4.2156517e+02   3.9029213e+01   5.5541573e+01
   6.3259888e+02   4.1556067e+02   3.4525843e+01   5.7042697e+01
   6.3410000e+02   4.2006404e+02   4.0530337e+01   5.4040449e+01
   6.3410000e+02   4.2306629e+02   3.0022472e+01   5.2539326e+01
   6.3109775e+02   4.2006404e+02   3.3024719e+01   5.2539326e+01
   6.2959663e+02   4.2006404e+02   3.0022472e+01   4.6534831e+01
   6.2809551e+02   4.1856292e+02   3.6026966e+01   5.1038202e+01
   6.2959663e+02   4.1706180e+02   3.9029213e+01   6.0044944e+01
   6.2809551e+02   4.1856292e+02   4.0530337e+01   5.8543820e+01
   6.2959663e+02   4.1706180e+02   3.4525843e+01   5.1038202e+01
