726,452
722,453
723,449
719,450
720,446
716,447
712,448
713,449
709,445
710,446
706,447
707,448
703,444
699,440
700,441
701,442
697,443
698,439
694,440
690,441
691,442
687,443
688,439
684,440
680,436
681,442
677,433
678,429
674,430
675,431
676,437
672,433
668,429
669,430
665,431
666,432
662,428
663,429
659,430
660,431
661,427
657,428
658,424
654,425
655,421
651,427
652,428
653,429
649,420
645,426
646,422
642,423
643,424
644,420
640,421
636,422
637,418
638,419
634,415
635,416
636,417
632,418
633,419
629,415
630,416
626,417
627,413
628,409
624,410
625,411
621,407
622,408
623,409
619,410
620,411
616,407
617,408
618,409
614,405
615,406
611,402
612,403
613,404
609,405
610,401
611,402
607,403
608,404
604,400
605,401
606,402
607,398
603,394
604,395
605,391
606,392
597,393
598,394
594,395
595,396
596,397
592,393
593,394
589,395
590,391
586,392
587,393
588,389
584,390
585,391
586,392
582,388
583,389
584,390
585,391
581,387
577,388
578,389
579,385
575,386
576,382
577,383
573,384
574,385
570,381
571,382
572,383
568,384
569,385
570,381
566,382
567,378
563,379
564,380
565,376
561,377
562,378
563,379
559,375
560,376
561,377
557,378
558,374
559,375
555,376
561,377
552,373
553,369
554,370
550,371
551,372
552,373
548,374
549,370
545,381
547,373
548,369
544,370
545,371
541,367
542,368
543,369
539,365
540,366
536,367
537,368
538,369
534,365
535,366
531,367
532,363
533,364
529,365
530,361
531,362
532,363
528,364
529,360
530,361
526,362
527,363
523,359
524,360
525,361
521,357
522,358
523,359
519,355
520,356
516,357
517,358
513,359
514,355
515,356
511,357
512,358
513,354
509,355
510,356
511,352
