474,16
475,21
471,22
472,23
468,24
469,25
465,26
466,27
462,28
463,29
464,30
461,27
458,31
459,32
460,33
456,34
457,35
454,42
455,38
452,40
448,41
449,42
445,43
446,44
442,45
438,46
439,52
441,54
437,50
438,56
439,57
435,58
436,59
432,60
433,56
429,62
430,63
426,64
422,65
423,66
425,68
421,74
422,70
419,77
421,79
417,80
418,81
414,87
416,89
412,90
414,87
411,89
412,95
408,96
404,87
405,93
401,99
402,100
403,101
399,102
400,108
396,104
397,110
393,106
394,112
390,113
391,114
387,115
388,116
384,117
385,118
381,119
382,125
383,126
379,127
380,128
376,129
377,130
373,131
374,137
370,138
371,139
372,140
368,146
369,147
365,148
366,149
367,150
363,156
364,157
365,158
361,159
362,160
358,161
359,162
355,168
356,169
352,170
353,171
354,172
350,178
351,179
347,180
348,181
349,182
345,183
346,184
342,185
343,191
344,192
340,193
341,194
337,195
338,201
334,202
335,203
336,209
332,210
333,211
334,212
330,213
326,214
327,220
328,221
329,222
330,223
326,229
327,230
323,231
324,237
325,238
321,239
322,240
323,241
319,247
320,248
321,254
322,255
318,256
319,257
320,258
316,259
317,265
318,266
314,267
315,273
316,274
317,275
313,276
309,282
310,283
311,284
312,290
313,291
309,292
310,293
306,299
307,300
308,301
309,307
310,308
306,309
307,315
308,316
304,317
310,323
306,324
302,325
303,326
304,327
305,333
306,334
307,340
303,341
309,342
305,348
306,349
307,350
303,356
304,362
300,363
301,364
302,365
303,371
299,372
300,373
301,379
302,380
303,381
299,387
300,388
301,389
302,395
298,396
299,397
300,403
301,404
297,410
298,411
299,412
300,418
301,419
302,420
303,421
309,422
