298,456
288,451
283,446
283,441
283,436
283,431
283,426
293,426
308,446
318,441
333,441
358,471
358,471
358,476
358,476
358,476
358,476
358,476
358,476
358,476
358,476
358,476
358,476
358,476
358,476
358,476
358,476
358,476
358,476
358,476
358,476
358,476
358,476
358,476
358,476
358,476
358,476
358,476
358,476
358,476
358,476
358,476
358,476
358,476
358,476
358,476
358,476
358,476
358,476
358,476
358,476
358,476
333,471
358,476
358,476
358,476
358,476
358,476
358,476
358,476
358,476
358,476
358,476
358,476
358,476
358,476
358,476
358,476
358,476
358,476
358,476
358,476
358,476
358,476
358,476
358,476
358,476
358,476
358,476
358,476
358,476
358,476
358,476
358,476
358,476
358,476
358,476
358,476
358,476
338,476
358,476
358,476
358,476
358,476
358,476
358,476
358,476
358,476
358,476
358,476
358,476
358,476
358,476
358,476
358,476
358,476
358,476
358,476
333,476
358,476
358,476
358,476
358,476
358,476
358,476
358,476
358,476
358,476
358,476
328,446
328,446
333,471
358,476
358,476
358,476
358,476
358,476
358,476
358,476
358,471
358,471
358,476
358,476
358,476
358,476
358,476
358,476
358,476
358,476
358,476
358,476
358,476
358,476
358,476
358,476
358,476
358,476
358,476
358,476
358,476
358,476
358,476
358,476
358,476
358,476
358,476
358,476
358,476
358,476
358,476
358,476
358,476
358,476
358,476
358,476
358,476
358,476
358,476
358,476
358,476
358,476
358,476
358,476
358,476
358,476
358,476
358,476
358,476
358,476
358,476
358,476
358,476
358,476
358,476
358,476
358,476
358,476
358,476
358,476
358,476
358,476
358,476
358,476
358,476
358,476
358,476
358,476
358,476
358,476
358,476
358,476
358,476
358,476
358,476
358,476
358,476
358,476
358,476
358,476
358,476
358,476
358,476
358,476
358,476
358,476
358,476
358,476
358,476
358,476
358,476
358,476
358,476
358,476
358,476
358,476
358,476
358,476
358,476
358,476
358,476
358,476
358,476
358,476
358,476
358,476
358,476
358,476
358,476
358,476
358,476
358,476
358,476
358,476
358,476
358,476
358,476
358,476
358,476
358,476
358,476
358,476
358,476
358,476
358,476
358,476
358,476
358,476
358,476
358,476
358,476
358,476
358,476
358,476
358,476
358,476
358,476
358,476
358,476
358,476
358,476
358,476
358,476
358,476
358,476
358,476
358,476
358,476
358,476
358,476
358,476
358,476
358,476
358,476
358,476
358,476
358,476
358,476
358,476
358,476
358,476
358,476
358,476
358,476
358,476
358,476
358,476
358,476
358,476
358,476
358,476
358,476
358,476
358,476
358,476
358,476
358,476
358,476
358,476
358,476
358,476
358,476
358,476
358,476
358,476
358,476
358,476
358,476
358,476
358,476
358,476
358,476
358,476
358,476
358,476
358,476
358,476
358,476
358,476
358,476
358,476
358,476
358,476
358,476
358,476
358,476
358,476
358,476
358,476
358,476
358,476
358,476
358,476
358,476
358,476
358,476
358,476
358,476
358,476
358,476
363,476
358,476
338,476
358,476
358,476
358,476
358,476
358,476
358,476
358,476
358,476
358,476
358,476
358,476
358,476
358,476
358,471
358,476
358,471
358,476
358,476
358,476
358,476
358,476
358,476
358,476
358,476
358,476
358,476
358,476
358,476
358,476
358,476
358,476
358,476
358,476
358,471
358,476
358,471
343,476
338,476
338,476
363,476
363,476
338,476
358,476
358,476
358,476
358,476
358,476
358,476
