777,222
774,224
771,221
773,223
770,225
772,227
774,229
771,226
773,228
770,230
772,232
769,234
771,236
768,238
765,240
767,242
769,239
766,241
763,243
765,245
762,247
764,249
761,251
763,253
760,255
762,257
759,259
761,256
758,263
764,264
761,266
763,268
760,265
762,267
764,269
761,271
763,273
760,275
762,277
764,279
761,281
758,283
760,285
757,287
754,289
751,291
753,293
755,295
752,297
749,299
746,301
753,303
750,305
747,307
744,309
741,311
743,313
745,315
737,317
729,319
726,321
728,323
720,330
717,327
714,329
710,325
706,321
702,317
613,373
618,373
620,375
617,372
619,374
641,351
618,373
620,375
617,372
619,374
616,376
618,373
615,375
617,372
619,374
616,376
618,373
615,375
617,377
619,374
616,376
618,373
620,375
617,377
619,374
616,376
618,373
615,375
617,377
619,374
616,376
618,373
620,375
617,377
619,374
616,376
618,373
615,375
617,377
614,374
616,376
618,373
615,375
617,377
614,374
616,376
618,373
620,375
617,377
619,374
616,376
618,378
620,375
617,377
614,374
616,376
618,373
615,375
617,377
619,374
616,376
618,373
620,375
617,377
619,374
616,376
618,373
620,375
617,377
619,374
616,376
618,373
620,375
617,377
619,374
616,376
618,373
620,375
617,377
619,374
616,376
618,373
620,375
617,377
619,374
616,376
618,373
620,375
617,377
619,374
616,376
618,373
620,375
617,377
619,374
616,376
618,378
620,375
617,377
619,374
616,376
618,373
620,375
617,377
619,374
616,376
618,378
620,375
617,377
619,374
616,376
618,373
620,375
617,377
619,374
616,376
618,373
615,375
617,377
619,374
621,376
618,373
615,375
617,377
619,374
616,376
618,373
620,375
617,377
619,374
616,376
618,378
