475,16,33,36
472,16,33,36
474,16,33,36
471,16,33,36
468,21,33,36
470,23,33,36
467,20,33,36
464,22,33,36
466,24,33,36
463,26,33,36
460,28,33,36
457,30,33,36
460,28,33,36
457,30,33,36
454,32,33,36
456,34,33,36
453,36,33,36
450,38,33,36
452,40,33,36
454,37,33,36
451,39,33,36
448,41,33,36
445,43,33,36
442,45,33,36
444,47,33,36
441,49,33,36
443,46,33,36
440,48,33,36
442,50,33,36
439,52,33,36
431,54,33,36
439,52,33,36
436,54,33,36
433,56,33,36
430,58,33,36
427,60,33,36
429,62,33,36
426,64,33,36
423,61,33,36
425,63,33,36
422,65,33,36
404,47,33,36
392,40,33,36
389,37,33,36
391,39,33,36
393,41,33,36
390,38,33,36
387,40,33,36
384,37,33,36
391,39,33,36
393,41,33,36
385,38,33,36
387,40,33,36
389,37,33,36
386,39,33,36
388,41,33,36
385,38,33,36
387,40,33,36
389,37,33,36
391,39,33,36
393,41,33,36
390,38,33,36
392,40,33,36
389,37,33,36
391,39,33,36
393,41,33,36
390,38,33,36
392,40,33,36
389,37,33,36
391,39,33,36
393,41,33,36
390,38,33,36
392,40,33,36
389,37,33,36
391,39,33,36
373,56,33,36
390,38,33,36
392,40,33,36
389,37,33,36
391,39,33,36
393,41,33,36
390,38,33,36
392,40,33,36
389,37,33,36
391,39,33,36
393,41,33,36
390,38,33,36
392,40,33,36
389,37,33,36
391,39,33,36
393,41,33,36
390,38,33,36
392,40,33,36
389,37,33,36
391,39,33,36
393,41,33,36
390,38,33,36
392,40,33,36
389,37,33,36
391,39,33,36
393,41,33,36
390,38,33,36
392,40,33,36
374,57,33,36
391,39,33,36
393,41,33,36
390,38,33,36
392,40,33,36
389,37,33,36
391,39,33,36
393,41,33,36
390,38,33,36
392,40,33,36
389,37,33,36
391,39,33,36
393,41,33,36
390,38,33,36
392,40,33,36
374,57,33,36
391,39,33,36
388,41,33,36
390,38,33,36
377,40,33,36
389,37,33,36
376,39,33,36
383,41,33,36
390,38,33,36
377,40,33,36
389,37,33,36
386,39,33,36
388,41,33,36
370,38,33,36
377,40,33,36
389,37,33,36
371,39,33,36
388,41,33,36
370,38,33,36
377,40,33,36
374,37,33,36
376,39,33,36
388,41,33,36
375,38,33,36
392,40,33,36
374,37,33,36
376,39,33,36
378,41,33,36
375,38,33,36
377,40,33,36
374,37,33,36
391,39,33,36
388,41,33,36
375,38,33,36
377,40,33,36
389,42,33,36
376,39,33,36
388,41,33,36
390,38,33,36
387,40,33,36
389,42,33,36
376,39,33,36
388,41,33,36
375,38,33,36
392,40,33,36
389,37,33,36
391,39,33,36
388,41,33,36
390,38,33,36
392,40,33,36
374,37,33,36
391,39,33,36
388,41,33,36
390,38,33,36
392,40,33,36
374,37,33,36
391,39,33,36
393,41,33,36
390,38,33,36
392,40,33,36
374,37,33,36
391,39,33,36
388,41,33,36
375,38,33,36
392,40,33,36
374,37,33,36
391,39,33,36
383,41,33,36
390,38,33,36
392,40,33,36
374,57,33,36
376,59,33,36
388,41,33,36
375,58,33,36
377,60,33,36
359,52,33,36
341,39,33,36
323,41,33,36
340,38,33,36
342,40,33,36
324,42,33,36
341,39,33,36
343,41,33,36
340,38,33,36
342,40,33,36
339,42,33,36
341,39,33,36
