353,358
349,359
345,360
341,361
337,362
333,363
329,364
325,365
326,366
330,370
336,371
347,372
351,376
355,380
359,384
392,287
393,288
394,289
395,290
391,286
392,287
393,288
394,289
395,290
391,286
392,287
393,288
394,289
395,290
391,286
392,287
393,288
394,289
395,290
391,286
392,287
393,288
394,289
395,290
396,286
392,287
393,288
394,289
395,285
396,286
392,287
393,288
394,289
395,285
396,286
397,287
393,288
394,284
395,285
396,286
397,287
393,288
394,289
395,285
396,286
397,287
398,288
399,289
400,290
401,291
397,287
398,288
394,289
395,285
394,284
395,285
396,286
397,287
398,288
399,284
400,285
396,286
397,287
398,288
399,284
400,285
396,286
397,287
398,288
399,284
400,285
396,286
397,287
398,288
399,284
400,285
396,286
397,287
398,288
399,284
400,285
396,286
397,287
398,288
399,284
400,285
396,286
397,287
398,288
399,284
400,285
396,286
397,287
398,288
399,284
400,285
396,286
397,287
398,288
399,284
400,285
396,286
397,287
398,288
399,284
400,285
396,286
397,287
398,288
399,284
400,285
396,286
397,287
398,288
399,289
400,285
401,286
397,287
398,288
399,289
400,285
401,286
397,287
398,288
399,289
400,285
401,286
397,287
398,288
399,289
400,285
401,286
397,287
398,288
399,289
400,285
401,286
397,287
398,288
399,289
400,285
401,286
397,287
398,288
399,289
400,285
401,286
397,287
398,288
399,289
400,285
396,286
397,287
398,288
399,289
400,290
401,286
397,287
398,288
399,289
400,285
401,286
397,287
398,288
399,289
400,290
401,286
397,287
398,288
399,289
400,285
401,286
397,287
398,288
399,289
400,290
401,286
397,287
398,288
399,289
400,285
401,286
397,287
398,288
399,289
400,285
396,286
397,287
398,288
399,289
400,285
401,286
397,287
398,288
399,284
400,285
401,286
402,287
403,288
399,289
400,285
401,286
402,287
403,288
404,289
400,290
401,286
402,287
403,288
404,289
410,285
401,286
402,287
403,288
404,289
400,285
401,286
402,287
403,288
404,289
405,285
401,286
402,287
403,288
404,284
400,285
401,286
402,287
403,288
399,289
400,285
401,286
402,287
403,288
404,289
405,285
401,286
402,287
403,288
399,289
405,285
401,286
402,287
398,288
399,289
410,285
401,286
402,287
403,288
399,289
405,285
401,286
402,287
403,288
399,289
400,290
401,286
402,287
403,288
399,289
410,285
401,286
402,287
403,288
399,289
400,285
401,286
402,287
398,288
399,289
410,285
406,286
402,287
403,288
404,289
405,285
401,286
402,287
403,288
404,289
405,285
411,286
402,287
403,288
399,289
410,285
411,286
402,287
403,288
399,289
400,290
401,286
402,287
403,288
399,289
400,290
401,286
402,287
403,288
404,289
400,290
401,286
402,287
403,288
404,289
400,290
401,286
402,287
403,288
404,289
400,290
401,286
402,287
403,288
399,289
400,290
401,286
402,287
403,288
399,289
400,290
401,286
402,287
403,288
404,289
400,290
401,286
402,287
403,288
399,289
400,290
401,286
402,287
403,288
399,289
400,290
401,286
402,287
403,288
399,289
400,285
401,286
402,287
403,288
404,289
405,285
401,286
402,287
403,288
399,284
400,285
401,286
402,287
403,288
399,289
400,285
401,286
402,287
403,288
399,289
400,285
401,286
402,287
403,288
399,289
400,285
401,286
402,287
403,288
399,289
400,285
401,286
402,287
403,288
399,289
400,290
401,286
402,287
403,288
399,289
400,285
401,286
402,287
403,288
399,289
