728,458,31,60
723,458,31,60
723,458,31,60
723,453,31,60
718,453,31,60
718,453,31,60
718,453,31,60
718,453,31,60
718,453,31,60
713,453,31,60
708,453,31,60
708,453,31,60
708,448,31,60
703,448,31,60
703,448,31,60
703,448,31,60
703,448,31,60
703,443,31,60
703,443,31,60
698,443,31,60
693,443,31,60
693,443,31,60
688,443,31,60
688,443,31,60
688,443,31,60
688,443,31,60
688,443,31,60
683,438,31,60
678,438,31,60
678,438,31,60
678,438,31,60
678,438,31,60
678,438,31,60
678,438,31,60
673,438,31,60
668,438,31,60
668,438,31,60
668,433,31,60
668,433,31,60
663,433,31,60
663,433,31,60
663,433,31,60
663,428,31,60
663,428,31,60
658,428,31,60
658,428,31,60
658,428,31,60
653,428,31,60
653,428,31,60
653,428,31,60
648,428,31,60
648,428,31,60
648,428,31,60
648,423,31,60
648,423,31,60
643,423,31,60
638,423,31,60
638,423,31,60
638,423,31,60
638,423,31,60
638,423,31,60
638,423,31,60
638,418,31,60
638,418,31,60
633,418,31,60
633,418,31,60
633,418,31,60
633,418,31,60
633,413,31,60
633,413,31,60
628,413,31,60
628,413,31,60
628,413,31,60
628,413,31,60
628,413,31,60
623,413,31,60
623,413,31,60
623,413,31,60
618,413,31,60
618,408,31,60
618,408,31,60
618,408,31,60
613,408,31,60
613,408,31,60
613,408,31,60
613,408,31,60
613,408,31,60
613,408,31,60
613,408,31,60
608,408,31,60
608,408,31,60
608,403,31,60
608,403,31,60
608,403,31,60
603,403,31,60
603,403,31,60
603,403,31,60
603,403,31,60
598,398,31,60
598,398,31,60
598,398,31,60
598,398,31,60
598,398,31,60
598,398,31,60
593,398,31,60
593,398,31,60
593,398,31,60
593,398,31,60
593,393,31,60
593,393,31,60
588,393,31,60
588,393,31,60
588,393,31,60
588,393,31,60
588,393,31,60
588,393,31,60
588,393,31,60
588,393,31,60
588,393,31,60
583,388,31,60
583,388,31,60
583,388,31,60
583,388,31,60
578,388,31,60
578,388,31,60
578,388,31,60
578,388,31,60
578,388,31,60
578,388,31,60
578,388,31,60
573,388,31,60
573,383,31,60
573,383,31,60
573,383,31,60
573,383,31,60
568,383,31,60
568,383,31,60
568,383,31,60
568,383,31,60
568,383,31,60
568,383,31,60
568,383,31,60
568,383,31,60
568,383,31,60
568,383,31,60
568,383,31,60
563,378,31,60
563,378,31,60
563,378,31,60
558,378,31,60
558,378,31,60
558,378,31,60
558,378,31,60
558,378,31,60
558,378,31,60
558,378,31,60
558,378,31,60
548,373,31,60
548,373,31,60
548,373,31,60
548,373,31,60
548,373,31,60
548,373,31,60
548,373,31,60
548,373,31,60
548,373,31,60
548,373,31,60
548,373,31,60
548,373,31,60
548,373,31,60
548,373,31,60
543,368,31,60
543,368,31,60
538,368,31,60
538,368,31,60
538,368,31,60
538,368,31,60
538,368,31,60
538,368,31,60
538,368,31,60
538,368,31,60
533,368,31,60
533,368,31,60
533,368,31,60
528,363,31,60
528,363,31,60
528,363,31,60
528,363,31,60
528,363,31,60
528,363,31,60
528,363,31,60
528,363,31,60
528,363,31,60
528,363,31,60
528,363,31,60
523,363,31,60
523,363,31,60
523,358,31,60
523,358,31,60
518,358,31,60
