322,395,31,35
320,393,31,35
318,391,31,35
321,389,31,35
319,387,31,35
317,385,31,35
320,383,31,35
318,381,31,35
321,379,31,35
318,376,31,35
315,373,31,35
312,370,31,35
321,359,31,35
289,317,31,35
287,320,31,35
289,322,31,35
292,325,31,35
289,327,31,35
292,330,31,35
294,332,31,35
292,335,31,35
290,338,31,35
293,341,31,35
296,344,31,35
294,347,31,35
292,350,31,35
295,353,31,35
293,351,31,35
296,354,31,35
294,357,31,35
297,360,31,35
295,363,31,35
298,366,31,35
296,364,31,35
299,367,31,35
302,370,31,35
305,373,31,35
303,376,31,35
301,379,31,35
304,382,31,35
302,385,31,35
300,388,31,35
298,386,31,35
296,389,31,35
299,392,31,35
297,395,31,35
300,398,31,35
298,401,31,35
296,399,31,35
299,402,31,35
297,405,31,35
300,408,31,35
298,411,31,35
301,409,31,35
304,412,31,35
307,415,31,35
305,418,31,35
303,416,31,35
301,419,31,35
304,422,31,35
302,420,31,35
300,423,31,35
303,421,31,35
301,419,31,35
299,422,31,35
302,420,31,35
300,423,31,35
303,426,31,35
301,424,31,35
299,422,31,35
297,425,31,35
295,423,31,35
298,421,31,35
296,419,31,35
294,422,31,35
297,420,31,35
295,418,31,35
293,416,31,35
291,414,31,35
289,417,31,35
292,415,31,35
295,413,31,35
298,416,31,35
296,414,31,35
299,417,31,35
297,420,31,35
295,418,31,35
298,416,31,35
296,414,31,35
294,417,31,35
297,415,31,35
295,413,31,35
298,416,31,35
296,414,31,35
299,412,31,35
297,415,31,35
295,413,31,35
298,411,31,35
296,409,31,35
299,412,31,35
302,415,31,35
305,418,31,35
303,416,31,35
301,414,31,35
304,417,31,35
302,420,31,35
300,418,31,35
298,421,31,35
296,424,31,35
299,422,31,35
297,420,31,35
295,418,31,35
298,421,31,35
296,419,31,35
294,417,31,35
297,415,31,35
300,413,31,35
303,416,31,35
301,414,31,35
304,417,31,35
302,415,31,35
300,418,31,35
298,416,31,35
301,419,31,35
304,417,31,35
302,415,31,35
305,418,31,35
303,416,31,35
301,414,31,35
304,412,31,35
302,415,31,35
305,418,31,35
303,416,31,35
301,414,31,35
299,412,31,35
297,410,31,35
300,408,31,35
303,406,31,35
306,409,31,35
304,412,31,35
302,410,31,35
300,408,31,35
298,406,31,35
296,409,31,35
299,412,31,35
297,410,31,35
295,408,31,35
298,406,31,35
296,404,31,35
299,407,31,35
297,405,31,35
300,413,31,35
298,416,31,35
296,414,31,35
284,422,31,35
282,420,31,35
285,423,31,35
283,421,31,35
286,424,31,35
284,422,31,35
287,425,31,35
290,418,31,35
293,416,31,35
291,419,31,35
299,417,31,35
297,420,31,35
300,418,31,35
298,416,31,35
