799,269,34,54
802,272,34,54
800,275,34,54
803,273,34,54
801,276,34,54
799,279,34,54
802,282,34,54
800,280,34,54
798,283,34,54
801,286,34,54
799,289,34,54
802,287,34,54
800,295,34,54
798,293,34,54
801,296,34,54
799,299,34,54
797,302,34,54
795,300,34,54
793,308,34,54
796,306,34,54
789,309,34,54
787,312,34,54
785,315,34,54
783,313,34,54
776,316,34,54
774,319,34,54
767,322,34,54
760,320,34,54
753,323,34,54
746,326,34,54
734,329,34,54
732,327,34,54
720,330,34,54
713,338,34,54
706,346,34,54
699,354,34,54
692,362,34,54
685,370,34,54
651,341,34,54
643,348,34,54
631,341,34,54
614,344,34,54
602,347,34,54
590,350,34,54
578,348,34,54
561,351,34,54
549,349,34,54
537,352,34,54
525,355,34,54
523,353,34,54
496,356,34,54
489,359,34,54
477,357,34,54
465,360,34,54
453,358,34,54
442,362,34,54
435,365,34,54
428,368,34,54
414,369,34,54
402,367,34,54
390,370,34,54
383,373,34,54
371,371,34,54
359,374,34,54
337,382,34,54
345,385,34,54
323,378,34,54
311,376,34,54
299,379,34,54
287,377,34,54
280,380,34,54
268,383,34,54
256,381,34,54
249,384,34,54
242,382,34,54
235,385,34,54
233,388,34,54
226,386,34,54
224,384,34,54
222,392,34,54
220,390,34,54
224,389,34,54
225,385,34,54
223,388,34,54
221,391,34,54
224,389,34,54
222,387,34,54
220,390,34,54
223,388,34,54
221,391,34,54
224,389,34,54
222,387,34,54
220,390,34,54
223,388,34,54
221,386,34,54
224,389,34,54
222,387,34,54
220,390,34,54
223,388,34,54
221,391,34,54
224,389,34,54
222,387,34,54
220,390,34,54
223,388,34,54
221,391,34,54
224,389,34,54
222,387,34,54
225,390,34,54
223,388,34,54
226,386,34,54
224,389,34,54
222,392,34,54
225,385,34,54
223,388,34,54
226,386,34,54
224,389,34,54
222,392,34,54
225,390,34,54
223,388,34,54
226,386,34,54
224,389,34,54
222,387,34,54
225,390,34,54
223,388,34,54
226,386,34,54
224,389,34,54
222,392,34,54
225,390,34,54
223,388,34,54
221,391,34,54
219,389,34,54
217,392,34,54
215,390,34,54
208,393,34,54
206,391,34,54
204,389,34,54
197,392,34,54
200,390,34,54
198,393,34,54
196,396,34,54
199,394,34,54
197,392,34,54
205,395,34,54
198,393,34,54
206,396,34,54
199,394,34,54
197,397,34,54
200,395,34,54
198,393,34,54
201,396,34,54
199,394,34,54
197,392,34,54
200,390,34,54
198,393,34,54
201,396,34,54
199,394,34,54
197,402,34,54
205,395,34,54
203,393,34,54
206,396,34,54
199,394,34,54
202,392,34,54
200,400,34,54
203,393,34,54
201,396,34,54
199,394,34,54
202,397,34,54
200,395,34,54
203,393,34,54
201,396,34,54
204,394,34,54
202,392,34,54
200,395,34,54
203,393,34,54
201,396,34,54
199,394,34,54
197,392,34,54
200,395,34,54
198,393,34,54
191,396,34,54
184,394,34,54
182,397,34,54
185,395,34,54
188,393,34,54
191,391,34,54
194,394,34,54
192,392,34,54
195,395,34,54
193,393,34,54
191,396,34,54
194,394,34,54
192,392,34,54
195,395,34,54
193,393,34,54
191,396,34,54
194,394,34,54
192,397,34,54
190,395,34,54
193,398,34,54
191,396,34,54
194,394,34,54
192,397,34,54
190,395,34,54
188,398,34,54
191,396,34,54
189,399,34,54
192,397,34,54
195,395,34,54
188,398,34,54
196,396,34,54
194,394,34,54
192,397,34,54
195,395,34,54
193,393,34,54
191,396,34,54
194,394,34,54
192,397,34,54
190,395,34,54
193,398,34,54
191,396,34,54
194,394,34,54
192,397,34,54
195,395,34,54
193,398,34,54
196,391,34,54
194,394,34,54
197,397,34,54
195,395,34,54
193,393,34,54
196,391,34,54
194,394,34,54
197,392,34,54
195,395,34,54
198,393,34,54
196,396,34,54
194,399,34,54
197,392,34,54
190,395,34,54
193,393,34,54
196,396,34,54
194,394,34,54
197,392,34,54
195,395,34,54
198,393,34,54
191,396,34,54
194,394,34,54
192,392,34,54
195,395,34,54
193,393,34,54
191,396,34,54
199,394,34,54
192,397,34,54
190,395,34,54
193,393,34,54
196,391,34,54
194,394,34,54
197,392,34,54
195,395,34,54
198,393,34,54
196,396,34,54
194,394,34,54
197,392,34,54
195,395,34,54
193,398,34,54
196,396,34,54
194,394,34,54
192,397,34,54
195,395,34,54
198,393,34,54
206,391,34,54
209,394,34,54
212,392,34,54
215,390,34,54
218,388,34,54
221,391,34,54
214,394,34,54
212,392,34,54
215,395,34,54
218,393,34,54
221,391,34,54
234,394,34,54
232,392,34,54
235,395,34,54
233,393,34,54
236,401,34,54
236,401,34,54
262,377,34,54
289,399,34,54
267,397,34,54
280,395,34,54
298,408,34,54
296,391,34,54
296,391,34,54
299,394,34,54
302,397,34,54
295,405,34,54
298,398,34,54
291,401,34,54
289,404,34,54
292,402,34,54
290,405,34,54
293,403,34,54
291,406,34,54
294,399,34,54
297,397,34,54
300,400,34,54
293,398,34,54
291,396,34,54
309,399,34,54
317,402,34,54
330,400,34,54
348,408,34,54
366,411,34,54
384,409,34,54
377,412,34,54
395,410,34,54
413,408,34,54
411,406,34,54
409,404,34,54
412,407,34,54
405,405,34,54
398,408,34,54
386,406,34,54
369,409,34,54
357,412,34,54
340,410,34,54
323,408,34,54
306,411,34,54
289,414,34,54
272,412,34,54
250,415,34,54
233,413,34,54
211,416,34,54
189,414,34,54
167,412,34,54
150,415,34,54
133,418,34,54
121,416,34,54
114,419,34,54
107,417,34,54
105,420,34,54
108,418,34,54
106,416,34,54
104,414,34,54
107,412,34,54
110,415,34,54
108,413,34,54
106,416,34,54
109,414,34,54
113,413,34,54
121,416,34,54
119,414,34,54
122,417,34,54
115,420,34,54
108,418,34,54
101,416,34,54
94,419,34,54
59,379,34,54
57,372,34,54
60,375,34,54
58,373,34,54
66,361,34,54
64,364,34,54
57,377,34,54
70,360,34,54
63,368,34,54
71,361,34,54
69,359,34,54
62,357,34,54
60,355,34,54
78,363,34,54
56,356,34,54
54,359,34,54
52,357,34,54
50,360,34,54
48,363,34,54
51,361,34,54
49,359,34,54
52,357,34,54
50,360,34,54
63,358,34,54
61,356,34,54
49,364,34,54
62,352,34,54
60,355,34,54
58,358,34,54
56,356,34,54
54,354,34,54
57,357,34,54
55,355,34,54
53,358,34,54
56,356,34,54
54,359,34,54
52,357,34,54
55,355,34,54
58,358,34,54
56,356,34,54
54,359,34,54
57,352,34,54
55,355,34,54
