796,265
796,270
796,270
796,270
796,270
796,275
796,275
796,280
796,280
796,285
796,285
796,285
796,285
796,290
796,290
796,295
791,295
791,300
791,300
786,305
781,305
781,305
781,305
776,310
766,310
761,315
761,315
751,320
741,320
736,320
726,320
716,325
711,330
706,335
701,340
696,345
691,350
644,343
639,343
624,338
611,345
601,345
586,345
576,345
561,345
546,345
536,350
526,350
511,350
499,353
484,358
474,353
464,358
449,358
441,360
433,362
425,364
417,366
400,364
390,364
380,369
370,369
355,369
332,381
342,381
317,376
302,376
302,371
282,376
272,381
262,381
252,381
242,386
237,386
232,386
232,381
227,381
222,381
222,386
220,389
225,379
222,381
222,381
222,381
222,381
222,381
222,381
222,381
222,381
222,381
222,381
217,386
217,386
222,381
217,386
217,386
217,386
222,381
222,381
