494,158
490,159
491,160
487,161
483,162
479,163
475,164
471,165
467,166
463,167
459,168
450,169
446,170
442,171
438,172
429,173
426,170
358,207
364,203
365,204
366,200
367,196
368,197
374,198
375,194
376,195
377,196
373,187
374,188
375,189
381,190
382,191
383,192
389,188
390,184
391,185
387,186
373,177
374,178
375,174
376,175
372,176
373,172
374,173
375,174
371,175
367,176
368,177
369,178
370,179
371,180
367,181
368,182
369,183
370,179
376,175
377,171
373,177
369,178
370,179
366,180
372,181
373,177
374,178
370,179
371,180
367,181
368,177
369,178
370,179
366,180
367,176
368,177
369,178
370,179
366,180
367,176
368,177
369,178
370,179
371,180
372,176
373,177
374,173
370,174
371,175
372,176
373,177
374,178
375,179
381,175
382,176
383,177
384,173
380,174
381,175
382,176
378,177
374,173
375,174
376,175
377,176
378,172
374,173
375,174
376,175
372,171
373,172
369,173
365,174
366,175
367,176
368,177
369,178
370,179
371,180
367,181
368,182
369,183
370,179
371,180
377,181
378,182
374,178
375,179
376,180
377,181
378,177
374,183
375,184
376,185
372,181
373,182
374,183
375,184
376,185
382,186
383,182
384,183
380,184
381,185
382,186
378,187
379,188
380,189
381,190
382,196
388,197
389,198
390,199
391,200
397,201
399,208
400,209
407,211
409,208
420,209
421,205
427,206
428,212
434,208
435,209
441,210
442,211
443,212
444,218
440,219
437,221
453,217
459,213
460,214
466,215
467,221
473,222
474,223
485,224
486,225
487,226
503,227
504,228
510,229
516,235
522,236
528,237
534,238
540,239
546,245
547,241
553,242
559,248
565,254
571,260
572,261
583,262
589,268
595,269
606,275
607,276
613,277
624,283
630,284
636,285
642,286
648,287
649,288
650,294
656,295
662,301
663,307
664,313
655,314
646,315
637,316
633,317
629,318
625,319
606,305
597,316
588,317
579,313
565,304
561,305
557,306
543,312
529,308
525,294
521,295
512,286
503,287
504,288
495,279
486,290
482,281
468,272
464,268
460,269
456,270
452,271
448,267
439,263
430,259
426,255
422,251
408,247
404,248
400,244
396,245
392,241
383,237
379,238
375,234
366,235
362,231
358,227
354,228
350,229
341,225
337,226
328,217
324,218
315,214
311,210
312,211
303,212
294,203
295,204
291,205
287,201
283,202
279,203
275,199
276,195
272,191
268,192
269,188
265,189
266,185
262,186
263,187
259,183
260,179
256,180
257,176
253,177
254,178
255,174
256,175
257,176
258,172
259,173
260,169
271,165
272,166
273,167
274,163
280,164
286,165
292,161
293,162
299,163
305,199
301,215
302,216
293,212
289,213
285,209
281,210
272,211
273,207
269,208
265,204
261,210
262,206
253,207
254,203
255,204
251,205
252,206
253,202
249,203
255,204
256,205
257,211
223,177
229,178
235,174
241,180
252,176
288,207
289,208
295,209
301,210
302,211
313,212
319,213
320,214
301,180
332,216
313,182
324,178
325,179
331,180
352,216
363,227
364,228
370,229
371,235
377,231
383,242
389,238
395,239
401,240
402,236
408,237
419,248
425,249
426,255
427,256
433,262
444,263
445,259
451,260
467,256
468,262
474,258
475,259
491,275
492,271
493,272
504,273
510,269
526,275
527,271
533,277
539,278
545,274
551,275
557,276
568,277
574,283
580,289
591,285
592,286
593,292
609,288
615,284
621,290
632,301
638,297
644,323
650,294
656,295
662,301
673,307
679,308
680,304
681,325
692,311
698,322
709,338
715,339
716,315
717,291
718,267
719,243
720,219
721,195
722,171
571,135
572,136
568,137
569,138
565,139
561,140
557,136
558,142
554,143
550,144
546,145
547,146
543,147
534,148
535,149
531,150
532,151
528,152
529,153
525,154
521,155
517,156
513,157
509,158
510,159
506,160
502,166
503,167
499,168
495,169
491,170
492,171
488,172
489,178
485,179
486,175
487,181
488,182
484,183
485,184
486,185
487,186
488,192
489,188
490,194
491,195
497,201
498,202
499,203
500,204
511,205
512,201
518,212
519,208
520,214
521,220
527,226
528,217
534,228
540,234
541,235
542,231
548,237
549,238
555,239
556,240
562,241
568,252
569,248
575,249
601,280
602,296
598,282
589,268
585,279
606,265
607,266
603,287
604,278
570,269
571,265
567,271
528,272
534,278
535,279
541,280
547,286
553,287
559,288
565,294
571,300
577,296
